20010726  17550596   27.3090   101.2630      5.000  0.0    0.00    0.00   0.00     620082 0
20011227   9195280   30.2900   103.0200     12.000  0.0    0.00    0.00   0.00     620126 0
20020703  23485450   30.0500   103.3400     12.000  0.0    0.00    0.00   0.00     620149 0
20020913   5364270   30.0700   102.0800      0.000  0.0    0.00    0.00   0.00     620163 0
20020916  19555260   30.1000   102.0800      3.000  0.0    0.00    0.00   0.00     620164 0
20021116  16175920   31.0400   103.3700     11.000  0.0    0.00    0.00   0.00     620175 0
20030210  14254700   29.1500   102.1400      0.000  0.0    0.00    0.00   0.00     620190 0
20030318   6483580   29.1800   104.0000      5.000  0.0    0.00    0.00   0.00     620199 0
20030505  18595820   31.2000   103.4800      1.000  0.0    0.00    0.00   0.00     620203 0
20030602   3300770   29.0400   102.1500      7.000  0.0    0.00    0.00   0.00     620209 0
20030915   9185930   31.0800   103.2500      0.000  0.0    0.00    0.00   0.00     620249 0
20030916  17094070   29.1600   102.1600      0.000  0.0    0.00    0.00   0.00     620252 0
20031009   9412400   29.0100   102.1300      0.000  0.0    0.00    0.00   0.00     620256 0
20031024  11361980   30.2900   102.4500      0.000  0.0    0.00    0.00   0.00     620267 0
20031119  12403310   29.1500   101.1200      0.000  0.0    0.00    0.00   0.00     620279 0
20031127  14145320   29.2800   101.0000      0.000  0.0    0.00    0.00   0.00     620286 0
20040301  10155100   28.0200   103.2400      5.000  0.0    0.00    0.00   0.00     620320 0
20010102     24360   29.3667   101.1170      9.000  3.0    0.00    0.00   0.00         12 0
20010106   7201050   29.3833   101.0830      0.000  3.0    0.00    0.00   0.00        115 0
20010107   5490440   31.7333   104.2330      5.000  2.8    0.00    0.00   0.00        133 0
20010107   7495860   29.1667   103.6830     10.000  2.9    0.00    0.00   0.00        137 0
20010107   7531110   29.1333   103.6830     12.000  2.3    0.00    0.00   0.00        138 0
20010108   2023740   31.5000   104.0500     10.000  2.1    0.00    0.00   0.00        153 0
20010109  13050220   29.3833   101.1330      0.000  3.4    0.00    0.00   0.00        191 0
20010112  15531840   29.9167   103.1170      0.000  2.4    0.00    0.00   0.00        293 0
20010113  20395650   31.4167   102.4830     10.000  2.8    0.00    0.00   0.00        322 0
20010114  17413810   31.1000   103.7170      5.000  2.4    0.00    0.00   0.00        354 0
20010114  18202310   31.1167   103.7330      5.000  2.0    0.00    0.00   0.00        356 0
20010115   5213530   30.2167   103.1670      0.000  2.9    0.00    0.00   0.00        370 0
20010115   8540910   31.6833   103.8170     16.000  1.8    0.00    0.00   0.00        374 0
20010115  18343080   31.1000   103.6830      5.000  2.0    0.00    0.00   0.00        381 0
20010117   5213910   31.5667   102.3830      5.000  1.9    0.00    0.00   0.00        401 0
20010117   9071940   29.5333   101.0330      0.000  2.6    0.00    0.00   0.00        405 0
20010118  18324040   29.4667   101.0670      9.000  2.6    0.00    0.00   0.00        443 0
20010121   8163160   31.1167   103.7670     17.000  2.8    0.00    0.00   0.00        500 0
20010121  13084450   31.1167   103.7670     17.000  2.9    0.00    0.00   0.00        504 0
20010121  14254540   31.1167   103.7000     13.000  2.1    0.00    0.00   0.00        510 0
20010122   3034760   31.1167   103.7500     16.000  2.5    0.00    0.00   0.00        528 0
20010125    312140   29.5167   101.0500      5.000  3.1    0.00    0.00   0.00        584 0
20010125   1354750   29.4500   101.0170      0.000  2.8    0.00    0.00   0.00        586 0
20010125   8405560   30.0167   102.9830      0.000  2.0    0.00    0.00   0.00        593 0
20010125   9464670   30.9833   101.1830      0.000  1.9    0.00    0.00   0.00        595 0
20010126   1171860   29.0167   102.4170     10.000  2.2    0.00    0.00   0.00        607 0
20010129   4143730   30.9167   103.1000      5.000  3.0    0.00    0.00   0.00        665 0
20010131  17230960   30.3667   102.0170      5.000  2.2    0.00    0.00   0.00        699 0
20010202  14423450   29.5500   103.2330      8.000  2.6    0.00    0.00   0.00        732 0
20010204   4420440   29.9833   103.1170      0.000  2.0    0.00    0.00   0.00        753 0
20010208    203010   30.4333   103.5330      5.000  2.9    0.00    0.00   0.00        807 0
20010209  11331660   30.6167   103.0500      8.000  2.1    0.00    0.00   0.00        821 0
20010209  17444860   30.4167   102.6170      5.000  2.7    0.00    0.00   0.00        822 0
20010211   6253620   29.6667   102.2830      0.000  2.1    0.00    0.00   0.00        854 0
20010212  17550460   29.4333   101.0830      6.000  2.7    0.00    0.00   0.00        895 0
20010212  20445010   29.4167   101.1170     10.000  3.3    0.00    0.00   0.00        899 0
20010213   1000940   29.4500   101.0330     15.000  2.8    0.00    0.00   0.00        911 0
20010213  15322190   29.4833   101.0670      5.000  2.4    0.00    0.00   0.00        924 0
20010214  13003260   29.4667   101.0330      6.000  3.1    0.00    0.00   0.00        945 0
20010214  15272820   29.4000   101.0830      8.000  0.0    0.00    0.00   0.00        946 0
20010214  15395990   29.5000   101.0330      3.000  3.0    0.00    0.00   0.00        951 0
20010214  16244790   29.4500   101.0170      5.000  3.3    0.00    0.00   0.00        960 0
20010214  17503090   29.4667   101.0330      5.000  2.9    0.00    0.00   0.00        970 0
20010214  18345700   29.4500   101.0170      5.000  2.6    0.00    0.00   0.00        976 0
20010215   9155870   29.4667   101.0170      8.000  2.7    0.00    0.00   0.00       1010 0
20010216   6375710   29.4833   101.0170      9.000  2.7    0.00    0.00   0.00       1034 0
20010216   7031680   29.4333   101.0500      5.000  2.7    0.00    0.00   0.00       1035 0
20010217  17434350   31.1833   103.5000      5.000  2.2    0.00    0.00   0.00       1095 0
20010219  13164910   29.4333   101.0830     14.000  2.6    0.00    0.00   0.00       1153 0
20010219  13371620   29.4333   101.0830     11.000  2.5    0.00    0.00   0.00       1155 0
20010220   8212840   29.4333   101.0830      5.000  2.8    0.00    0.00   0.00       1171 0
20010222  19055650   29.7333   102.5670      5.000  1.8    0.00    0.00   0.00       1240 0
20010223   1555200   31.6333   102.3830     10.000  2.0    0.00    0.00   0.00       1243 0
20010223   9344300   29.4667   101.0000      0.000  3.0    0.00    0.00   0.00       1247 0
20010223   9393800   29.4333   101.1000      8.000  2.7    0.00    0.00   0.00       1248 0
20010223  10115100   29.4333   101.0330      0.000  4.2    0.00    0.00   0.00       1250 0
20010223  10193590   29.4667   101.0670      0.000  2.6    0.00    0.00   0.00       1252 0
20010223  18151140   31.6333   103.8500     10.000  1.9    0.00    0.00   0.00       1264 0
20010224     83600   31.5833   103.0170      0.000  2.0    0.00    0.00   0.00       1277 0
20010224    551830   29.4333   101.0670      5.000  2.9    0.00    0.00   0.00       1279 0
20010224   2222000   29.4167   101.0330      0.000  2.7    0.00    0.00   0.00       1281 0
20010225   2050910   29.4333   101.0500      5.000  2.6    0.00    0.00   0.00       1285 0
20010225   6280930   29.5000   101.0330     11.000  2.0    0.00    0.00   0.00       1287 0
20010225   7424010   29.4333   101.0500      5.000  3.0    0.00    0.00   0.00       1288 0
20010225  14572690   29.4667   101.0500     12.000  3.0    0.00    0.00   0.00       1298 0
20010225  16470420   29.4667   101.0330     14.000  2.7    0.00    0.00   0.00       1300 0
20010226   6044340   29.4500   101.0330     10.000  3.0    0.00    0.00   0.00       1311 0
20010226  12180160   29.4667   101.0000      0.000  2.8    0.00    0.00   0.00       1321 0
20010227   2462180   29.4333   101.0170      7.000  2.2    0.00    0.00   0.00       1331 0
20010227  22214840   29.4167   101.0000      5.000  3.2    0.00    0.00   0.00       1352 0
20010301  13195450   29.4667   101.0500      0.000  3.5    0.00    0.00   0.00       1388 0
20010303    165960   29.4667   101.0330      2.000  2.9    0.00    0.00   0.00       1424 0
20010303  15480720   30.3167   102.5830     18.000  2.7    0.00    0.00   0.00       1439 0
20010303  17380450   30.9500   103.2670      7.000  2.1    0.00    0.00   0.00       1442 0
20010303  18493290   29.0667   102.7330      9.000  1.9    0.00    0.00   0.00       1446 0
20010303  23401250   31.3833   101.1670      0.000  2.1    0.00    0.00   0.00       1453 0
20010304   2070100   29.4667   101.0330      0.000  2.6    0.00    0.00   0.00       1457 0
20010304  14325430   31.7167   102.5830     11.000  1.8    0.00    0.00   0.00       1478 0
20010304  21104530   29.0000   101.8500      7.000  2.7    0.00    0.00   0.00       1487 0
20010305  13350250   29.4667   101.0670     13.000  2.5    0.00    0.00   0.00       1496 0
20010307     92200   29.9333   103.0330     15.000  2.0    0.00    0.00   0.00       1530 0
20010307  19512360   27.7500   102.7500      6.000  4.2    0.00    0.00   0.00       1550 0
20010308  19334130   31.5333   102.3830      9.000  2.1    0.00    0.00   0.00       1585 0
20010309  14002670   31.9167   103.6830     10.000  2.0    0.00    0.00   0.00       1603 0
20010311  16372340   30.4333   103.3670     11.000  2.3    0.00    0.00   0.00       1644 0
20010311  22320420   29.4000   101.0500      0.000  3.5    0.00    0.00   0.00       1651 0
20010312  10164690   29.4667   101.0670     12.000  3.0    0.00    0.00   0.00       1659 0
20010313  18370840   30.4667   101.5670      0.000  2.0    0.00    0.00   0.00       1684 0
20010315   8174530   29.2833   104.3170     19.000  2.6    0.00    0.00   0.00       1723 0
20010323  14595320   28.2667   103.6000      6.000  2.5    0.00    0.00   0.00       1899 0
20010324   2292170   31.5833   102.3830      9.000  2.0    0.00    0.00   0.00       1910 0
20010325    231750   29.4833   101.0500      9.000  2.8    0.00    0.00   0.00       1932 0
20010326  12472860   29.2167   101.8670      0.000  2.9    0.00    0.00   0.00       1997 0
20010328   6385340   29.2000   101.8500     11.000  2.7    0.00    0.00   0.00       2059 0
20010328  17150010   30.6667   102.7830      5.000  2.5    0.00    0.00   0.00       2077 0
20010330  10281320   29.4667   101.0830      5.000  2.7    0.00    0.00   0.00       2135 0
20010330  15381390   29.4833   101.0500      3.000  2.8    0.00    0.00   0.00       2138 0
20010330  19262820   29.4667   101.0500     16.000  3.0    0.00    0.00   0.00       2143 0
20010331  23222220   29.5333   103.3330     15.000  1.9    0.00    0.00   0.00       2165 0
20010402   1500200   29.4667   101.0500     13.000  2.6    0.00    0.00   0.00       2199 0
20010403  21352590   29.4333   101.1500     12.000  2.7    0.00    0.00   0.00       2238 0
20010404   4201090   31.5833   104.0170      5.000  2.2    0.00    0.00   0.00       2244 0
20010404   9201680   29.4167   101.0500     17.000  2.9    0.00    0.00   0.00       2248 0
20010404  18552690   29.4833   101.0500      0.000  3.4    0.00    0.00   0.00       2257 0
20010406  13020780   29.4833   101.0830      0.000  3.4    0.00    0.00   0.00       2286 0
20010407    375140   30.4833   101.5830      6.000  2.3    0.00    0.00   0.00       2301 0
20010407  19511320   29.9500   103.1830      0.000  1.9    0.00    0.00   0.00       2322 0
20010407  20342480   29.6667   102.6330     12.000  2.0    0.00    0.00   0.00       2323 0
20010407  22363900   29.4667   101.0500      0.000  2.5    0.00    0.00   0.00       2329 0
20010407  23462900   29.4667   101.0670     12.000  2.7    0.00    0.00   0.00       2330 0
20010408   2221710   29.4667   101.0830     17.000  2.8    0.00    0.00   0.00       2336 0
20010408   5214140   29.5000   101.0500     14.000  2.5    0.00    0.00   0.00       2338 0
20010408   6230040   32.1333   103.6170      5.000  2.0    0.00    0.00   0.00       2339 0
20010409   1565130   29.7000   102.0830      0.000  1.9    0.00    0.00   0.00       2367 0
20010409  14351190   29.5000   103.4670     13.000  2.1    0.00    0.00   0.00       2381 0
20010410  19295280   30.8167   103.1170     18.000  2.8    0.00    0.00   0.00       2403 0
20010411  17165850   31.1333   103.6000      5.000  2.0    0.00    0.00   0.00       2432 0
20010411  18301860   31.3333   103.8670      8.000  1.9    0.00    0.00   0.00       2434 0
20010413  17411350   29.7833   102.3330      9.000  2.0    0.00    0.00   0.00       2472 0
20010414  11294340   30.0167   102.8500      5.000  2.1    0.00    0.00   0.00       2491 0
20010415  23013810   31.8167   102.9330      7.000  1.8    0.00    0.00   0.00       2518 0
20010417  22154460   30.6167   102.4170      7.000  1.7    0.00    0.00   0.00       2562 0
20010418   8363730   30.0167   101.8170      5.000  2.5    0.00    0.00   0.00       2566 0
20010419  12554760   31.6667   102.2830      0.000  3.8    0.00    0.00   0.00       2593 0
20010419  18501200   30.6833   102.7330      9.000  1.7    0.00    0.00   0.00       2601 0
20010420   4191500   32.5000   102.0330      0.000  3.6    0.00    0.00   0.00       2610 0
20010421   2385680   31.5833   103.2670      0.000  2.0    0.00    0.00   0.00       2632 0
20010423  11260590   29.4500   101.1000      9.000  2.9    0.00    0.00   0.00       2704 0
20010425  11011890   29.7500   102.9670      5.000  2.2    0.00    0.00   0.00       2759 0
20010425  23462160   30.3333   102.2330      0.000  1.9    0.00    0.00   0.00       2780 0
20010427  14395690   31.3333   100.9330      0.000  3.9    0.00    0.00   0.00       2817 0
20010428  15160330   30.7167   103.4830      0.000  3.0    0.00    0.00   0.00       2838 0
20010430   8403540   30.2167   102.8330     12.000  2.0    0.00    0.00   0.00       2888 0
20010430  20444810   30.9167   103.3830      0.000  2.0    0.00    0.00   0.00       2903 0
20010504  23165410   31.4333   103.9170      5.000  2.3    0.00    0.00   0.00       2999 0
20010505  10352910   29.4333   101.1000      9.000  2.7    0.00    0.00   0.00       3011 0
20010505  13270020   29.4333   101.0830      5.000  2.5    0.00    0.00   0.00       3020 0
20010505  13302420   29.4333   101.1500     13.000  3.1    0.00    0.00   0.00       3022 0
20010505  18410920   29.4667   101.1000      5.000  3.0    0.00    0.00   0.00       3044 0
20010508  15454760   29.1167   102.4500     16.000  2.3    0.00    0.00   0.00       3132 0
20010509   7191720   29.4333   101.0000      0.000  2.8    0.00    0.00   0.00       3152 0
20010514   3573700   29.9333   103.1670      0.000  2.5    0.00    0.00   0.00       3263 0
20010516   7175630   31.2833   103.7830     12.000  2.0    0.00    0.00   0.00       3324 0
20010519  17570960   29.1333   102.3670      5.000  2.0    0.00    0.00   0.00       3425 0
20010520   2580720   29.5333   101.0330      5.000  2.3    0.00    0.00   0.00       3431 0
20010520  11504790   32.1000   101.5830      1.000  3.0    0.00    0.00   0.00       3441 0
20010520  11524740   32.1000   101.5830      8.000  2.8    0.00    0.00   0.00       3442 0
20010522  23413510   31.4667   102.1170      5.000  2.2    0.00    0.00   0.00       3556 0
20010523   2283720   28.1000   103.5000      5.000  3.3    0.00    0.00   0.00       3558 0
20010523  11011180   29.2833   103.0330     10.000  2.0    0.00    0.00   0.00       3564 0
20010524   4472880   31.0333   103.3330      0.000  1.4    0.00    0.00   0.00       3591 0
20010527    350010   29.4167   102.9170     15.000  2.8    0.00    0.00   0.00       3669 0
20010528   8003580   30.6667   102.8330      9.000  2.8    0.00    0.00   0.00       3705 0
20010529  21255870   29.4333   101.1000     12.000  2.4    0.00    0.00   0.00       3742 0
20010530   2261830   29.4167   101.0830      9.000  2.8    0.00    0.00   0.00       3751 0
20010531   3513350   31.7500   103.2670      0.000  1.8    0.00    0.00   0.00       3783 0
20010531  11224100   29.4333   101.0670      2.000  3.0    0.00    0.00   0.00       3791 0
20010603    445330   29.4333   101.0500      0.000  3.1    0.00    0.00   0.00       3869 0
20010604  15273110   29.8333   102.3330      5.000  2.1    0.00    0.00   0.00       3915 0
20010604  17573000   31.0167   103.9330     14.000  2.0    0.00    0.00   0.00       3918 0
20010605   2342540   29.7833   102.3830      9.000  2.1    0.00    0.00   0.00       3931 0
20010606  11520890   30.3667   102.4330      5.000  2.2    0.00    0.00   0.00       3967 0
20010607   6592320   29.4500   101.0830      8.000  3.0    0.00    0.00   0.00       3992 0
20010609   6092110   29.1000   102.4670      5.000  2.2    0.00    0.00   0.00       4050 0
20010610    101990   29.4167   101.0830      0.000  3.1    0.00    0.00   0.00       4065 0
20010611  10550850   31.5000   102.4330      0.000  2.4    0.00    0.00   0.00       4100 0
20010613   6343710   31.2333   103.3830      0.000  2.0    0.00    0.00   0.00       4128 0
20010614  16525050   30.7333   101.7330     11.000  2.3    0.00    0.00   0.00       4172 0
20010614  22480580   30.7333   101.6830     10.000  1.8    0.00    0.00   0.00       4177 0
20010616   7415730   30.6667   103.0670      7.000  1.8    0.00    0.00   0.00       4211 0
20010618   5491190   31.3833   103.1830      0.000  1.9    0.00    0.00   0.00       4260 0
20010620   5195840   30.1167   102.5000     15.000  2.1    0.00    0.00   0.00       4290 0
20010623  10161320   29.8167   102.3500     14.000  1.7    0.00    0.00   0.00       4359 0
20010625   1104530   29.4333   101.1000      0.000  2.7    0.00    0.00   0.00       4411 0
20010625   6313710   31.3833   103.8170      5.000  2.5    0.00    0.00   0.00       4417 0
20010705  13154790   32.2000   103.7170      6.000  2.8    0.00    0.00   0.00       4649 0
20010706  21271150   28.8333   102.6330     15.000  2.1    0.00    0.00   0.00       4668 0
20010707  15484770   29.4333   101.0830     10.000  3.0    0.00    0.00   0.00       4684 0
20010707  17285740   29.4333   101.0830      9.000  2.8    0.00    0.00   0.00       4689 0
20010709   1561030   29.8667   101.2670      0.000  2.7    0.00    0.00   0.00       4738 0
20010712   1081580   30.5167   103.2670     15.000  2.4    0.00    0.00   0.00       4799 0
20010712  21543880   30.0167   102.3000      9.000  3.2    0.00    0.00   0.00       4821 0
20010712  23492550   31.8333   103.9830      8.000  1.9    0.00    0.00   0.00       4827 0
20010713  18074790   30.1167   103.0000      0.000  2.5    0.00    0.00   0.00       4847 0
20010714  18343060   30.4667   101.5830      0.000  2.2    0.00    0.00   0.00       4877 0
20010715  11052530   31.6333   102.7670      0.000  1.8    0.00    0.00   0.00       4889 0
20010716   2044780   31.6167   104.0670      8.000  2.1    0.00    0.00   0.00       4914 0
20010716  18051590   31.1167   103.1170      0.000  2.1    0.00    0.00   0.00       4934 0
20010718  20110720   31.5167   103.9670      5.000  3.1    0.00    0.00   0.00       4978 0
20010719  10492390   29.3833   101.0830     14.000  2.7    0.00    0.00   0.00       4991 0
20010720   9472250   31.6667   103.2330      5.000  1.9    0.00    0.00   0.00       5025 0
20010725  15293100   29.8000   102.2670      5.000  1.8    0.00    0.00   0.00       5157 0
20010726  18213390   29.4333   101.0670      0.000  3.2    0.00    0.00   0.00       5191 0
20010727   3271900   28.8000   103.5830     14.000  3.4    0.00    0.00   0.00       5208 0
20010729   1285070   29.4333   101.1000      0.000  2.5    0.00    0.00   0.00       5245 0
20010729   8240310   31.9000   103.4330      4.000  2.5    0.00    0.00   0.00       5255 0
20010729   9221090   31.2167   103.3000      8.000  3.1    0.00    0.00   0.00       5257 0
20010731   3472530   29.1333   103.5670      9.000  2.6    0.00    0.00   0.00       5291 0
20010731  11180990   30.0167   103.0830      0.000  2.2    0.00    0.00   0.00       5299 0
20010802  14480820   31.2000   103.7670     11.000  1.8    0.00    0.00   0.00       5328 0
20010802  16472530   31.4667   103.1000      0.000  1.9    0.00    0.00   0.00       5332 0
20010805  13592270   29.4333   101.0330      0.000  3.0    0.00    0.00   0.00       5388 0
20010805  20344320   30.6500   102.8000     13.000  1.8    0.00    0.00   0.00       5394 0
20010806   2345500   31.6000   103.0670      5.000  2.5    0.00    0.00   0.00       5407 0
20010807   6370320   29.9333   101.8170      8.000  2.4    0.00    0.00   0.00       5420 0
20010809  15501850   30.3500   103.3330      0.000  2.6    0.00    0.00   0.00       5461 0
20010813  13520540   28.4667   103.3670     11.000  2.3    0.00    0.00   0.00       5605 0
20010814   2484290   30.4833   101.8000     10.000  2.3    0.00    0.00   0.00       5614 0
20010815  14570380   31.5833   103.0830     10.000  1.8    0.00    0.00   0.00       5655 0
20010819  10470540   31.2167   103.2830      9.000  2.3    0.00    0.00   0.00       5748 0
20010819  11052090   31.2500   103.3330      0.000  1.7    0.00    0.00   0.00       5749 0
20010819  22425930   31.5833   103.0670      1.000  1.7    0.00    0.00   0.00       5754 0
20010819  23274150   31.9667   102.9330     10.000  2.7    0.00    0.00   0.00       5755 0
20010821  18020590   30.6333   102.8000      5.000  2.2    0.00    0.00   0.00       5808 0
20010825   3132140   31.5667   102.4000      5.000  2.3    0.00    0.00   0.00       5890 0
20010825  10070530   29.4167   101.0830     11.000  2.5    0.00    0.00   0.00       5900 0
20010830  16390810   30.4667   101.6330      0.000  2.6    0.00    0.00   0.00       6000 0
20010831  23172990   29.8833   102.7670      4.000  3.6    0.00    0.00   0.00       6021 0
20010901    331950   30.4667   101.6330      1.000  2.2    0.00    0.00   0.00       6022 0
20010901   3561890   29.9333   102.7330      8.000  2.2    0.00    0.00   0.00       6026 0
20010902   1054110   31.7500   103.8170      8.000  2.1    0.00    0.00   0.00       6037 0
20010902   2304250   31.5333   104.3670      5.000  2.4    0.00    0.00   0.00       6038 0
20010902  21335210   30.4833   101.7170     10.000  2.4    0.00    0.00   0.00       6074 0
20010903   7331150   31.1833   103.4670      5.000  2.0    0.00    0.00   0.00       6087 0
20010905  10580300   30.4667   101.6170      0.000  3.5    0.00    0.00   0.00       6120 0
20010907    534000   30.4667   101.5830      0.000  2.6    0.00    0.00   0.00       6154 0
20010908   3384400   30.4333   101.7000      0.000  2.0    0.00    0.00   0.00       6192 0
20010908   4325530   30.3833   101.6670      0.000  2.1    0.00    0.00   0.00       6193 0
20010908   5142720   30.4000   101.6830      7.000  2.1    0.00    0.00   0.00       6195 0
20010908   9450990   30.4833   101.6330      5.000  2.8    0.00    0.00   0.00       6200 0
20010909   3434890   30.4500   101.6670      2.000  2.3    0.00    0.00   0.00       6214 0
20010909   7462000   30.4667   101.5670      1.000  3.3    0.00    0.00   0.00       6218 0
20010910  16404620   30.6167   103.0830      0.000  2.2    0.00    0.00   0.00       6261 0
20010912  14105610   31.6333   103.0670      1.000  1.6    0.00    0.00   0.00       6307 0
20010912  16382710   29.4167   101.0500     10.000  3.2    0.00    0.00   0.00       6312 0
20010917  20560590   28.8000   102.2330      9.000  2.3    0.00    0.00   0.00       6466 0
20010918  18012920   28.8000   102.2670      5.000  2.4    0.00    0.00   0.00       6502 0
20010918  22003970   31.5167   102.4170      4.000  2.0    0.00    0.00   0.00       6526 0
20010919   3045110   29.5167   102.1000      5.000  1.9    0.00    0.00   0.00       6540 0
20010921   2183560   31.6000   102.8170     13.000  3.0    0.00    0.00   0.00       6667 0
20010921  14251950   28.8500   102.2330     10.000  2.5    0.00    0.00   0.00       6696 0
20010921  18295980   30.6500   102.9330      5.000  1.9    0.00    0.00   0.00       6713 0
20010923   6344750   31.9333   102.0330      2.000  3.9    0.00    0.00   0.00       6765 0
20010924   8180050   30.9167   103.3330     12.000  3.2    0.00    0.00   0.00       6801 0
20010925   8110260   31.5333   104.4000      5.000  2.4    0.00    0.00   0.00       6841 0
20010926   6481410   29.9000   102.7500     16.000  2.6    0.00    0.00   0.00       6877 0
20010927  19561040   29.3000   102.9830      7.000  1.7    0.00    0.00   0.00       6929 0
20010928   6313440   28.3667   104.7170     11.000  4.3    0.00    0.00   0.00       6938 0
20010928  22374700   29.9000   102.0000      2.000  2.1    0.00    0.00   0.00       6963 0
20010928  22583560   29.9167   102.0330     11.000  2.2    0.00    0.00   0.00       6964 0
20010929   8333680   29.9000   102.0330     10.000  2.2    0.00    0.00   0.00       6979 0
20010930   1375400   29.9333   101.9670     11.000  2.1    0.00    0.00   0.00       7013 0
20011005  11590670   31.7167   102.7670      3.000  1.7    0.00    0.00   0.00       7150 0
20011005  18302950   29.4833   102.1330      5.000  2.6    0.00    0.00   0.00       7158 0
20011009    513710   29.3667   102.0330      1.000  2.5    0.00    0.00   0.00       7194 0
20011009   1322100   29.3833   101.0830      0.000  3.0    0.00    0.00   0.00       7195 0
20011012  21051860   30.1833   102.5170      0.000  2.8    0.00    0.00   0.00       7259 0
20011013  18343230   30.1000   102.0330     12.000  2.4    0.00    0.00   0.00       7278 0
20011014  15412320   30.1833   102.5170      0.000  2.9    0.00    0.00   0.00       7298 0
20011014  15423550   30.1833   102.4830     10.000  2.3    0.00    0.00   0.00       7299 0
20011015  19451190   30.1167   102.9670     11.000  2.5    0.00    0.00   0.00       7335 0
20011016  17062410   29.0333   102.0170      8.000  2.2    0.00    0.00   0.00       7355 0
20011018  15573210   31.8667   102.9830      1.000  2.0    0.00    0.00   0.00       7392 0
20011018  20195700   31.5833   101.7830      0.000  2.8    0.00    0.00   0.00       7400 0
20011020   7034790   29.2833   103.1670      5.000  2.1    0.00    0.00   0.00       7448 0
20011020   7371130   28.7667   102.2330      8.000  2.4    0.00    0.00   0.00       7453 0
20011022  23065390   30.7833   100.5670      2.000  2.7    0.00    0.00   0.00       7543 0
20011023  10335480   29.5167   103.0830      0.000  1.9    0.00    0.00   0.00       7551 0
20011023  18315850   29.5167   103.1500      0.000  2.0    0.00    0.00   0.00       7564 0
20011024   9195110   29.4833   101.0330      0.000  2.6    0.00    0.00   0.00       7576 0
20011026   3293980   29.6667   103.2330     15.000  2.9    0.00    0.00   0.00       7631 0
20011028  10142040   31.7500   101.3170      9.000  2.7    0.00    0.00   0.00       7735 0
20011028  21482320   29.6667   103.2330     14.000  3.1    0.00    0.00   0.00       7761 0
20011031   2592040   31.4667   104.0330      9.000  1.9    0.00    0.00   0.00       7835 0
20011201  16065790   29.2833   102.9330      9.000  1.8    0.00    0.00   0.00       7878 0
20011202     94720   30.3500   102.3670     15.000  1.6    0.00    0.00   0.00       7886 0
20011202  15001600   29.7000   102.0670      9.000  2.3    0.00    0.00   0.00       7901 0
20011205    491800   29.6833   102.0170      0.000  1.8    0.00    0.00   0.00       8016 0
20011205   8272860   31.2667   103.4330     15.000  1.3    0.00    0.00   0.00       8029 0
20011206   3043710   29.1500   104.8170     14.000  3.8    0.00    0.00   0.00       8059 0
20011208   9001540   29.3500   104.0670      0.000  3.3    0.00    0.00   0.00       8135 0
20011208  22101360   30.1833   102.0670     10.000  2.1    0.00    0.00   0.00       8159 0
20011210   2310640   29.5167   102.0330      1.000  2.7    0.00    0.00   0.00       8188 0
20011210   7503620   30.1333   102.0330      5.000  1.9    0.00    0.00   0.00       8196 0
20011212   7102800   28.2167   103.8830      0.000  3.3    0.00    0.00   0.00       8280 0
20011213  11533910   32.1667   101.6670      0.000  3.4    0.00    0.00   0.00       8335 0
20011213  20270920   32.0667   101.6670      0.000  2.4    0.00    0.00   0.00       8354 0
20011214  23494920   30.0333   103.1330      0.000  2.0    0.00    0.00   0.00       8419 0
20011216   2254570   32.1000   101.6330      0.000  3.2    0.00    0.00   0.00       8477 0
20011216   2481910   31.8000   102.0170      0.000  2.3    0.00    0.00   0.00       8481 0
20011216   8353710   31.7333   101.9330      5.000  2.4    0.00    0.00   0.00       8493 0
20011218  19470040   30.6333   102.8170      5.000  2.0    0.00    0.00   0.00       8571 0
20011220   4422740   31.2500   103.2170      1.000  1.8    0.00    0.00   0.00       8607 0
20011221   4523090   31.5333   102.3830      5.000  1.9    0.00    0.00   0.00       8631 0
20011221  12003780   30.6333   102.9000      9.000  1.8    0.00    0.00   0.00       8638 0
20011222  11320540   31.6833   103.1830      7.000  1.4    0.00    0.00   0.00       8676 0
20011223   6415430   29.1333   104.6000      2.000  4.1    0.00    0.00   0.00       8711 0
20011223  17011150   29.8167   102.3170      5.000  1.7    0.00    0.00   0.00       8731 0
20011224   1331840   29.3833   102.2170      5.000  2.2    0.00    0.00   0.00       8746 0
20011225   5152080   31.1667   103.3500      5.000  2.5    0.00    0.00   0.00       8783 0
20011225   7484120   29.5167   101.0500      0.000  2.5    0.00    0.00   0.00       8788 0
20011227   4473760   30.2000   103.4330      5.000  2.0    0.00    0.00   0.00       8849 0
20011227  17195280   30.4833   103.0330     12.000  3.3    0.00    0.00   0.00       8861 0
20011227  18013930   30.4500   103.0670     14.000  3.0    0.00    0.00   0.00       8863 0
20011228  11232560   29.4667   101.1000      0.000  2.8    0.00    0.00   0.00       8880 0
